Filename     : evrp-benchmark-set/E-n22-k4.evrp
Solution time: 17.76
    1- {'Avg': 1181.2199731768674, 'Best Individual': (569.3343939957324, [[10, 8, 6, 3, 2, 7], [13, 11, 9, 12, 5, 4], [19, 16, 15, 17, 14], [18, 21, 20, 22]], [[1, 10, 8, 6, 3, 2, 30, 26, 7, 1], [1, 13, 11, 9, 12, 24, 29, 30, 25, 26, 5, 4, 1], [1, 19, 16, 15, 17, 24, 14, 1], [1, 18, 21, 20, 23, 22, 1]])}
    2- {'Avg': 1106.6121198554965, 'Best Individual': (569.3343939957324, [[10, 8, 6, 3, 2, 7], [13, 11, 9, 12, 5, 4], [19, 16, 15, 17, 14], [18, 21, 20, 22]], [[1, 10, 8, 6, 3, 2, 30, 26, 7, 1], [1, 13, 11, 9, 12, 24, 29, 30, 25, 26, 5, 4, 1], [1, 19, 16, 15, 17, 24, 14, 1], [1, 18, 21, 20, 23, 22, 1]])}
    3- {'Avg': 1097.114305100898, 'Best Individual': (569.3343939957324, [[10, 8, 6, 3, 2, 7], [13, 11, 9, 12, 5, 4], [19, 16, 15, 17, 14], [18, 21, 20, 22]], [[1, 10, 8, 6, 3, 2, 30, 26, 7, 1], [1, 13, 11, 9, 12, 24, 29, 30, 25, 26, 5, 4, 1], [1, 19, 16, 15, 17, 24, 14, 1], [1, 18, 21, 20, 23, 22, 1]])}
    4- {'Avg': 1065.412995187383, 'Best Individual': (569.3343939957324, [[10, 8, 6, 3, 2, 7], [13, 11, 9, 12, 5, 4], [19, 16, 15, 17, 14], [18, 21, 20, 22]], [[1, 10, 8, 6, 3, 2, 30, 26, 7, 1], [1, 13, 11, 9, 12, 24, 29, 30, 25, 26, 5, 4, 1], [1, 19, 16, 15, 17, 24, 14, 1], [1, 18, 21, 20, 23, 22, 1]])}
    5- {'Avg': 1053.275852409112, 'Best Individual': (569.3343939957324, [[10, 8, 6, 3, 2, 7], [13, 11, 9, 12, 5, 4], [19, 16, 15, 17, 14], [18, 21, 20, 22]], [[1, 10, 8, 6, 3, 2, 30, 26, 7, 1], [1, 13, 11, 9, 12, 24, 29, 30, 25, 26, 5, 4, 1], [1, 19, 16, 15, 17, 24, 14, 1], [1, 18, 21, 20, 23, 22, 1]])}
    6- {'Avg': 1027.9932510492847, 'Best Individual': (569.3343939957324, [[10, 8, 6, 3, 2, 7], [13, 11, 9, 12, 5, 4], [19, 16, 15, 17, 14], [18, 21, 20, 22]], [[1, 10, 8, 6, 3, 2, 30, 26, 7, 1], [1, 13, 11, 9, 12, 24, 29, 30, 25, 26, 5, 4, 1], [1, 19, 16, 15, 17, 24, 14, 1], [1, 18, 21, 20, 23, 22, 1]])}
    7- {'Avg': 1018.7309294387522, 'Best Individual': (569.3343939957324, [[10, 8, 6, 3, 2, 7], [13, 11, 9, 12, 5, 4], [19, 16, 15, 17, 14], [18, 21, 20, 22]], [[1, 10, 8, 6, 3, 2, 30, 26, 7, 1], [1, 13, 11, 9, 12, 24, 29, 30, 25, 26, 5, 4, 1], [1, 19, 16, 15, 17, 24, 14, 1], [1, 18, 21, 20, 23, 22, 1]])}
    8- {'Avg': 1012.6846286539622, 'Best Individual': (569.3343939957324, [[10, 8, 6, 3, 2, 7], [13, 11, 9, 12, 5, 4], [19, 16, 15, 17, 14], [18, 21, 20, 22]], [[1, 10, 8, 6, 3, 2, 30, 26, 7, 1], [1, 13, 11, 9, 12, 24, 29, 30, 25, 26, 5, 4, 1], [1, 19, 16, 15, 17, 24, 14, 1], [1, 18, 21, 20, 23, 22, 1]])}
    9- {'Avg': 1017.1293704708966, 'Best Individual': (556.9448046506918, [[10, 8, 7, 4, 5, 12], [14, 9, 6, 3, 2], [11, 15, 17], [20, 13], [16, 19, 21, 18, 22]], [[1, 10, 8, 7, 4, 26, 5, 12, 1], [1, 14, 9, 6, 30, 3, 2, 1], [1, 11, 15, 17, 1], [1, 20, 13, 28, 24, 1], [1, 16, 19, 21, 18, 27, 23, 22, 1]])}
   10- {'Avg': 991.8382952344614, 'Best Individual': (551.7158199163016, [[4, 2, 3, 6, 8, 10], [5, 12, 16, 19], [14, 17, 15], [20, 7], [9, 11, 13, 18, 21, 22]], [[1, 7, 2, 3, 30, 6, 8, 10, 1], [1, 4, 5, 12, 25, 9, 11, 13, 1], [1, 14, 17, 15, 18, 23, 29, 24, 27, 28, 16, 1], [1, 20, 22, 21, 27, 19, 1]])}
   11- {'Avg': 980.8683283384786, 'Best Individual': (551.7158199163016, [[4, 2, 3, 6, 8, 10], [5, 12, 16, 19], [14, 17, 15], [20, 7], [9, 11, 13, 18, 21, 22]], [[1, 7, 2, 3, 30, 6, 8, 10, 1], [1, 4, 5, 12, 25, 9, 11, 13, 1], [1, 14, 17, 15, 18, 23, 29, 24, 27, 28, 16, 1], [1, 20, 22, 21, 27, 19, 1]])}
   12- {'Avg': 996.9937924974149, 'Best Individual': (521.3395158515242, [[4, 2, 3, 6, 8, 10], [5, 12, 20, 22], [7, 14, 17], [21, 19], [9, 11, 13, 16, 15, 18]], [[1, 9, 7, 8, 6, 3, 30, 2, 4, 1], [1, 5, 12, 25, 24, 14, 11, 10, 1], [1, 22, 21, 19, 27, 28, 16, 13, 1], [1, 15, 17, 18, 20, 1]])}
   13- {'Avg': 983.5590662938688, 'Best Individual': (521.3395158515242, [[4, 2, 3, 6, 8, 10], [5, 12, 20, 22], [7, 14, 17], [21, 19], [9, 11, 13, 16, 15, 18]], [[1, 9, 7, 8, 6, 3, 30, 2, 4, 1], [1, 5, 12, 25, 24, 14, 11, 10, 1], [1, 22, 21, 19, 27, 28, 16, 13, 1], [1, 15, 17, 18, 20, 1]])}
   14- {'Avg': 989.609648531928, 'Best Individual': (521.3395158515242, [[4, 2, 3, 6, 8, 10], [5, 12, 20, 22], [7, 14, 17], [21, 19], [9, 11, 13, 16, 15, 18]], [[1, 9, 7, 8, 6, 3, 30, 2, 4, 1], [1, 5, 12, 25, 24, 14, 11, 10, 1], [1, 22, 21, 19, 27, 28, 16, 13, 1], [1, 15, 17, 18, 20, 1]])}
   15- {'Avg': 943.2814799543007, 'Best Individual': (521.3395158515242, [[4, 2, 3, 6, 8, 10], [5, 12, 20, 22], [7, 14, 17], [21, 19], [9, 11, 13, 16, 15, 18]], [[1, 9, 7, 8, 6, 3, 30, 2, 4, 1], [1, 5, 12, 25, 24, 14, 11, 10, 1], [1, 22, 21, 19, 27, 28, 16, 13, 1], [1, 15, 17, 18, 20, 1]])}
   16- {'Avg': 933.4545102835518, 'Best Individual': (521.3395158515242, [[4, 2, 3, 6, 8, 10], [5, 12, 20, 22], [7, 14, 17], [21, 19], [9, 11, 13, 16, 15, 18]], [[1, 9, 7, 8, 6, 3, 30, 2, 4, 1], [1, 5, 12, 25, 24, 14, 11, 10, 1], [1, 22, 21, 19, 27, 28, 16, 13, 1], [1, 15, 17, 18, 20, 1]])}
   17- {'Avg': 932.4901787987826, 'Best Individual': (521.3395158515242, [[4, 2, 3, 6, 8, 10], [5, 12, 20, 22], [7, 14, 17], [21, 19], [9, 11, 13, 16, 15, 18]], [[1, 9, 7, 8, 6, 3, 30, 2, 4, 1], [1, 5, 12, 25, 24, 14, 11, 10, 1], [1, 22, 21, 19, 27, 28, 16, 13, 1], [1, 15, 17, 18, 20, 1]])}
   18- {'Avg': 933.3376771108523, 'Best Individual': (521.3395158515242, [[4, 2, 3, 6, 8, 10], [5, 12, 20, 22], [7, 14, 17], [21, 19], [9, 11, 13, 16, 15, 18]], [[1, 9, 7, 8, 6, 3, 30, 2, 4, 1], [1, 5, 12, 25, 24, 14, 11, 10, 1], [1, 22, 21, 19, 27, 28, 16, 13, 1], [1, 15, 17, 18, 20, 1]])}
   19- {'Avg': 913.4079391815128, 'Best Individual': (521.3395158515242, [[4, 2, 3, 6, 8, 10], [5, 12, 20, 22], [7, 14, 17], [21, 19], [9, 11, 13, 16, 15, 18]], [[1, 9, 7, 8, 6, 3, 30, 2, 4, 1], [1, 5, 12, 25, 24, 14, 11, 10, 1], [1, 22, 21, 19, 27, 28, 16, 13, 1], [1, 15, 17, 18, 20, 1]])}
   20- {'Avg': 921.7391522379314, 'Best Individual': (521.3395158515242, [[4, 2, 3, 6, 8, 10], [5, 12, 20, 22], [7, 14, 17], [21, 19], [9, 11, 13, 16, 15, 18]], [[1, 9, 7, 8, 6, 3, 30, 2, 4, 1], [1, 5, 12, 25, 24, 14, 11, 10, 1], [1, 22, 21, 19, 27, 28, 16, 13, 1], [1, 15, 17, 18, 20, 1]])}
   21- {'Avg': 923.6871685554866, 'Best Individual': (521.3395158515242, [[4, 2, 3, 6, 8, 10], [5, 12, 20, 22], [7, 14, 17], [21, 19], [9, 11, 13, 16, 15, 18]], [[1, 9, 7, 8, 6, 3, 30, 2, 4, 1], [1, 5, 12, 25, 24, 14, 11, 10, 1], [1, 22, 21, 19, 27, 28, 16, 13, 1], [1, 15, 17, 18, 20, 1]])}
   22- {'Avg': 910.7749338982943, 'Best Individual': (521.3395158515242, [[4, 2, 3, 6, 8, 10], [5, 12, 20, 22], [7, 14, 17], [21, 19], [9, 11, 13, 16, 15, 18]], [[1, 9, 7, 8, 6, 3, 30, 2, 4, 1], [1, 5, 12, 25, 24, 14, 11, 10, 1], [1, 22, 21, 19, 27, 28, 16, 13, 1], [1, 15, 17, 18, 20, 1]])}
   23- {'Avg': 937.2867420651821, 'Best Individual': (521.3395158515242, [[4, 2, 3, 6, 8, 10], [5, 12, 20, 22], [7, 14, 17], [21, 19], [9, 11, 13, 16, 15, 18]], [[1, 9, 7, 8, 6, 3, 30, 2, 4, 1], [1, 5, 12, 25, 24, 14, 11, 10, 1], [1, 22, 21, 19, 27, 28, 16, 13, 1], [1, 15, 17, 18, 20, 1]])}
   24- {'Avg': 905.6456022168345, 'Best Individual': (521.3395158515242, [[4, 2, 3, 6, 8, 10], [5, 12, 20, 22], [7, 14, 17], [21, 19], [9, 11, 13, 16, 15, 18]], [[1, 9, 7, 8, 6, 3, 30, 2, 4, 1], [1, 5, 12, 25, 24, 14, 11, 10, 1], [1, 22, 21, 19, 27, 28, 16, 13, 1], [1, 15, 17, 18, 20, 1]])}
   25- {'Avg': 874.566464242109, 'Best Individual': (521.3395158515242, [[4, 2, 3, 6, 8, 10], [5, 12, 20, 22], [7, 14, 17], [21, 19], [9, 11, 13, 16, 15, 18]], [[1, 9, 7, 8, 6, 3, 30, 2, 4, 1], [1, 5, 12, 25, 24, 14, 11, 10, 1], [1, 22, 21, 19, 27, 28, 16, 13, 1], [1, 15, 17, 18, 20, 1]])}
   26- {'Avg': 895.8837752029268, 'Best Individual': (521.3395158515242, [[4, 2, 3, 6, 8, 10], [5, 12, 20, 22], [7, 14, 17], [21, 19], [9, 11, 13, 16, 15, 18]], [[1, 9, 7, 8, 6, 3, 30, 2, 4, 1], [1, 5, 12, 25, 24, 14, 11, 10, 1], [1, 22, 21, 19, 27, 28, 16, 13, 1], [1, 15, 17, 18, 20, 1]])}
   27- {'Avg': 867.549014957236, 'Best Individual': (521.3395158515242, [[4, 2, 3, 6, 8, 10], [5, 12, 20, 22], [7, 14, 17], [21, 19], [9, 11, 13, 16, 15, 18]], [[1, 9, 7, 8, 6, 3, 30, 2, 4, 1], [1, 5, 12, 25, 24, 14, 11, 10, 1], [1, 22, 21, 19, 27, 28, 16, 13, 1], [1, 15, 17, 18, 20, 1]])}
   28- {'Avg': 878.1157696213471, 'Best Individual': (521.3395158515242, [[4, 2, 3, 6, 8, 10], [5, 12, 20, 22], [7, 14, 17], [21, 19], [9, 11, 13, 16, 15, 18]], [[1, 9, 7, 8, 6, 3, 30, 2, 4, 1], [1, 5, 12, 25, 24, 14, 11, 10, 1], [1, 22, 21, 19, 27, 28, 16, 13, 1], [1, 15, 17, 18, 20, 1]])}
   29- {'Avg': 855.0666207801796, 'Best Individual': (521.3395158515242, [[4, 2, 3, 6, 8, 10], [5, 12, 20, 22], [7, 14, 17], [21, 19], [9, 11, 13, 16, 15, 18]], [[1, 9, 7, 8, 6, 3, 30, 2, 4, 1], [1, 5, 12, 25, 24, 14, 11, 10, 1], [1, 22, 21, 19, 27, 28, 16, 13, 1], [1, 15, 17, 18, 20, 1]])}
   30- {'Avg': 865.4938901201868, 'Best Individual': (511.35230616233673, [[7, 2, 3, 6, 8, 10], [21, 16, 13], [18, 11, 9, 4], [5, 17, 15, 19], [12, 14, 20, 22]], [[1, 18, 16, 13, 1], [1, 15, 17, 14, 1], [1, 20, 22, 21, 27, 19, 1], [1, 4, 2, 30, 3, 6, 8, 10, 1], [1, 11, 9, 7, 5, 26, 24, 25, 12, 1]])}
   31- {'Avg': 873.5618460150318, 'Best Individual': (511.35230616233673, [[7, 2, 3, 6, 8, 10], [21, 16, 13], [18, 11, 9, 4], [5, 17, 15, 19], [12, 14, 20, 22]], [[1, 18, 16, 13, 1], [1, 15, 17, 14, 1], [1, 20, 22, 21, 27, 19, 1], [1, 4, 2, 30, 3, 6, 8, 10, 1], [1, 11, 9, 7, 5, 26, 24, 25, 12, 1]])}
   32- {'Avg': 846.5635923391453, 'Best Individual': (511.35230616233673, [[7, 2, 3, 6, 8, 10], [21, 16, 13], [18, 11, 9, 4], [5, 17, 15, 19], [12, 14, 20, 22]], [[1, 18, 16, 13, 1], [1, 15, 17, 14, 1], [1, 20, 22, 21, 27, 19, 1], [1, 4, 2, 30, 3, 6, 8, 10, 1], [1, 11, 9, 7, 5, 26, 24, 25, 12, 1]])}
   33- {'Avg': 844.0799541942123, 'Best Individual': (511.35230616233673, [[7, 2, 3, 6, 8, 10], [21, 16, 13], [18, 11, 9, 4], [5, 17, 15, 19], [12, 14, 20, 22]], [[1, 18, 16, 13, 1], [1, 15, 17, 14, 1], [1, 20, 22, 21, 27, 19, 1], [1, 4, 2, 30, 3, 6, 8, 10, 1], [1, 11, 9, 7, 5, 26, 24, 25, 12, 1]])}
   34- {'Avg': 833.2402929471248, 'Best Individual': (462.3217911352931, [[18, 16, 13], [15, 17, 14], [20, 22, 21, 19], [12, 9, 5, 4, 2, 3], [7, 6, 8, 10, 11]], [[1, 18, 16, 13, 1], [1, 15, 17, 14, 1], [1, 20, 22, 21, 27, 19, 1], [1, 12, 9, 5, 4, 26, 30, 2, 3, 1], [1, 7, 6, 8, 10, 29, 11, 1]])}
   35- {'Avg': 822.1934776769856, 'Best Individual': (462.3217911352931, [[18, 16, 13], [15, 17, 14], [20, 22, 21, 19], [12, 9, 5, 4, 2, 3], [7, 6, 8, 10, 11]], [[1, 18, 16, 13, 1], [1, 15, 17, 14, 1], [1, 20, 22, 21, 27, 19, 1], [1, 12, 9, 5, 4, 26, 30, 2, 3, 1], [1, 7, 6, 8, 10, 29, 11, 1]])}
   36- {'Avg': 820.0769448275933, 'Best Individual': (462.3217911352931, [[18, 16, 13], [15, 17, 14], [20, 22, 21, 19], [12, 9, 5, 4, 2, 3], [7, 6, 8, 10, 11]], [[1, 18, 16, 13, 1], [1, 15, 17, 14, 1], [1, 20, 22, 21, 27, 19, 1], [1, 12, 9, 5, 4, 26, 30, 2, 3, 1], [1, 7, 6, 8, 10, 29, 11, 1]])}
   37- {'Avg': 812.8994771143339, 'Best Individual': (454.2577189607117, [[12, 5, 4, 7, 2], [3, 6, 10, 13, 9], [14, 17, 16], [22, 20, 15], [8, 11, 18, 21, 19]], [[1, 18, 16, 13, 1], [1, 15, 17, 14, 1], [1, 20, 22, 21, 27, 19, 1], [1, 10, 8, 6, 7, 9, 25, 12, 1], [1, 5, 4, 2, 30, 3, 11, 1]])}
   38- {'Avg': 787.989432458067, 'Best Individual': (454.2577189607117, [[12, 5, 4, 7, 2], [3, 6, 10, 13, 9], [14, 17, 16], [22, 20, 15], [8, 11, 18, 21, 19]], [[1, 18, 16, 13, 1], [1, 15, 17, 14, 1], [1, 20, 22, 21, 27, 19, 1], [1, 10, 8, 6, 7, 9, 25, 12, 1], [1, 5, 4, 2, 30, 3, 11, 1]])}
   39- {'Avg': 770.7801299460172, 'Best Individual': (453.58612044201186, [[14, 15, 13], [16, 18, 17], [20, 22, 21, 19], [12, 5, 4, 7, 9, 11], [10, 8, 6, 3, 2]], [[1, 18, 16, 13, 1], [1, 15, 17, 14, 1], [1, 20, 22, 21, 27, 19, 1], [1, 4, 5, 12, 25, 9, 7, 11, 1], [1, 2, 3, 30, 6, 8, 10, 1]])}
   40- {'Avg': 772.9488842760011, 'Best Individual': (453.58612044201186, [[14, 15, 13], [16, 18, 17], [20, 22, 21, 19], [12, 5, 4, 7, 9, 11], [10, 8, 6, 3, 2]], [[1, 18, 16, 13, 1], [1, 15, 17, 14, 1], [1, 20, 22, 21, 27, 19, 1], [1, 4, 5, 12, 25, 9, 7, 11, 1], [1, 2, 3, 30, 6, 8, 10, 1]])}
   41- {'Avg': 795.2529406696245, 'Best Individual': (453.58612044201186, [[14, 15, 13], [16, 18, 17], [20, 22, 21, 19], [12, 5, 4, 7, 9, 11], [10, 8, 6, 3, 2]], [[1, 18, 16, 13, 1], [1, 15, 17, 14, 1], [1, 20, 22, 21, 27, 19, 1], [1, 4, 5, 12, 25, 9, 7, 11, 1], [1, 2, 3, 30, 6, 8, 10, 1]])}
   42- {'Avg': 795.936224233213, 'Best Individual': (453.58612044201186, [[14, 15, 13], [16, 18, 17], [20, 22, 21, 19], [12, 5, 4, 7, 9, 11], [10, 8, 6, 3, 2]], [[1, 18, 16, 13, 1], [1, 15, 17, 14, 1], [1, 20, 22, 21, 27, 19, 1], [1, 4, 5, 12, 25, 9, 7, 11, 1], [1, 2, 3, 30, 6, 8, 10, 1]])}
   43- {'Avg': 781.4038861583028, 'Best Individual': (453.58612044201186, [[14, 15, 13], [16, 18, 17], [20, 22, 21, 19], [12, 5, 4, 7, 9, 11], [10, 8, 6, 3, 2]], [[1, 18, 16, 13, 1], [1, 15, 17, 14, 1], [1, 20, 22, 21, 27, 19, 1], [1, 4, 5, 12, 25, 9, 7, 11, 1], [1, 2, 3, 30, 6, 8, 10, 1]])}
   44- {'Avg': 778.0975499423656, 'Best Individual': (453.58612044201186, [[14, 15, 13], [16, 18, 17], [20, 22, 21, 19], [12, 5, 4, 7, 9, 11], [10, 8, 6, 3, 2]], [[1, 18, 16, 13, 1], [1, 15, 17, 14, 1], [1, 20, 22, 21, 27, 19, 1], [1, 4, 5, 12, 25, 9, 7, 11, 1], [1, 2, 3, 30, 6, 8, 10, 1]])}
   45- {'Avg': 775.4777007629099, 'Best Individual': (453.58612044201186, [[14, 15, 13], [16, 18, 17], [20, 22, 21, 19], [12, 5, 4, 7, 9, 11], [10, 8, 6, 3, 2]], [[1, 18, 16, 13, 1], [1, 15, 17, 14, 1], [1, 20, 22, 21, 27, 19, 1], [1, 4, 5, 12, 25, 9, 7, 11, 1], [1, 2, 3, 30, 6, 8, 10, 1]])}
   46- {'Avg': 768.8519084489056, 'Best Individual': (453.58612044201186, [[14, 15, 13], [16, 18, 17], [20, 22, 21, 19], [12, 5, 4, 7, 9, 11], [10, 8, 6, 3, 2]], [[1, 18, 16, 13, 1], [1, 15, 17, 14, 1], [1, 20, 22, 21, 27, 19, 1], [1, 4, 5, 12, 25, 9, 7, 11, 1], [1, 2, 3, 30, 6, 8, 10, 1]])}
   47- {'Avg': 767.4641888681115, 'Best Individual': (453.58612044201186, [[14, 15, 13], [16, 18, 17], [20, 22, 21, 19], [12, 5, 4, 7, 9, 11], [10, 8, 6, 3, 2]], [[1, 18, 16, 13, 1], [1, 15, 17, 14, 1], [1, 20, 22, 21, 27, 19, 1], [1, 4, 5, 12, 25, 9, 7, 11, 1], [1, 2, 3, 30, 6, 8, 10, 1]])}
   48- {'Avg': 759.3191677133287, 'Best Individual': (453.58612044201186, [[14, 15, 13], [16, 18, 17], [20, 22, 21, 19], [12, 5, 4, 7, 9, 11], [10, 8, 6, 3, 2]], [[1, 18, 16, 13, 1], [1, 15, 17, 14, 1], [1, 20, 22, 21, 27, 19, 1], [1, 4, 5, 12, 25, 9, 7, 11, 1], [1, 2, 3, 30, 6, 8, 10, 1]])}
   49- {'Avg': 763.0307449309998, 'Best Individual': (453.58612044201186, [[14, 15, 13], [16, 18, 17], [20, 22, 21, 19], [12, 5, 4, 7, 9, 11], [10, 8, 6, 3, 2]], [[1, 18, 16, 13, 1], [1, 15, 17, 14, 1], [1, 20, 22, 21, 27, 19, 1], [1, 4, 5, 12, 25, 9, 7, 11, 1], [1, 2, 3, 30, 6, 8, 10, 1]])}
   50- {'Avg': 769.4760054633266, 'Best Individual': (453.58612044201186, [[14, 15, 13], [16, 18, 17], [20, 22, 21, 19], [12, 5, 4, 7, 9, 11], [10, 8, 6, 3, 2]], [[1, 18, 16, 13, 1], [1, 15, 17, 14, 1], [1, 20, 22, 21, 27, 19, 1], [1, 4, 5, 12, 25, 9, 7, 11, 1], [1, 2, 3, 30, 6, 8, 10, 1]])}
   51- {'Avg': 781.6226774916976, 'Best Individual': (453.58612044201186, [[14, 15, 13], [16, 18, 17], [20, 22, 21, 19], [12, 5, 4, 7, 9, 11], [10, 8, 6, 3, 2]], [[1, 18, 16, 13, 1], [1, 15, 17, 14, 1], [1, 20, 22, 21, 27, 19, 1], [1, 4, 5, 12, 25, 9, 7, 11, 1], [1, 2, 3, 30, 6, 8, 10, 1]])}
   52- {'Avg': 726.2084742292723, 'Best Individual': (453.58612044201186, [[14, 15, 13], [16, 18, 17], [20, 22, 21, 19], [12, 5, 4, 7, 9, 11], [10, 8, 6, 3, 2]], [[1, 18, 16, 13, 1], [1, 15, 17, 14, 1], [1, 20, 22, 21, 27, 19, 1], [1, 4, 5, 12, 25, 9, 7, 11, 1], [1, 2, 3, 30, 6, 8, 10, 1]])}
   53- {'Avg': 760.5505264883913, 'Best Individual': (444.35427141254667, [[18, 16, 13], [14, 17, 15], [20, 22, 21, 19], [11, 12, 5, 4, 7, 9], [2, 3, 6, 8, 10]], [[1, 18, 16, 13, 1], [1, 14, 17, 15, 1], [1, 20, 22, 21, 27, 19, 1], [1, 11, 12, 5, 4, 26, 7, 9, 1], [1, 2, 3, 30, 6, 8, 10, 1]])}
   54- {'Avg': 732.1420993211484, 'Best Individual': (444.35427141254667, [[18, 16, 13], [14, 17, 15], [20, 22, 21, 19], [11, 12, 5, 4, 7, 9], [2, 3, 6, 8, 10]], [[1, 18, 16, 13, 1], [1, 14, 17, 15, 1], [1, 20, 22, 21, 27, 19, 1], [1, 11, 12, 5, 4, 26, 7, 9, 1], [1, 2, 3, 30, 6, 8, 10, 1]])}
   55- {'Avg': 745.9973336496278, 'Best Individual': (444.35427141254667, [[18, 16, 13], [14, 17, 15], [20, 22, 21, 19], [11, 12, 5, 4, 7, 9], [2, 3, 6, 8, 10]], [[1, 18, 16, 13, 1], [1, 14, 17, 15, 1], [1, 20, 22, 21, 27, 19, 1], [1, 11, 12, 5, 4, 26, 7, 9, 1], [1, 2, 3, 30, 6, 8, 10, 1]])}
   56- {'Avg': 727.7776780246317, 'Best Individual': (444.35427141254667, [[18, 16, 13], [14, 17, 15], [20, 22, 21, 19], [11, 12, 5, 4, 7, 9], [2, 3, 6, 8, 10]], [[1, 18, 16, 13, 1], [1, 14, 17, 15, 1], [1, 20, 22, 21, 27, 19, 1], [1, 11, 12, 5, 4, 26, 7, 9, 1], [1, 2, 3, 30, 6, 8, 10, 1]])}
   57- {'Avg': 715.8594681643327, 'Best Individual': (444.35427141254667, [[18, 16, 13], [14, 17, 15], [20, 22, 21, 19], [11, 12, 5, 4, 7, 9], [2, 3, 6, 8, 10]], [[1, 18, 16, 13, 1], [1, 14, 17, 15, 1], [1, 20, 22, 21, 27, 19, 1], [1, 11, 12, 5, 4, 26, 7, 9, 1], [1, 2, 3, 30, 6, 8, 10, 1]])}
   58- {'Avg': 728.4345510741176, 'Best Individual': (444.35427141254667, [[18, 16, 13], [14, 17, 15], [20, 22, 21, 19], [11, 12, 5, 4, 7, 9], [2, 3, 6, 8, 10]], [[1, 18, 16, 13, 1], [1, 14, 17, 15, 1], [1, 20, 22, 21, 27, 19, 1], [1, 11, 12, 5, 4, 26, 7, 9, 1], [1, 2, 3, 30, 6, 8, 10, 1]])}
   59- {'Avg': 702.8141737661794, 'Best Individual': (444.35427141254667, [[18, 16, 13], [14, 17, 15], [20, 22, 21, 19], [11, 12, 5, 4, 7, 9], [2, 3, 6, 8, 10]], [[1, 18, 16, 13, 1], [1, 14, 17, 15, 1], [1, 20, 22, 21, 27, 19, 1], [1, 11, 12, 5, 4, 26, 7, 9, 1], [1, 2, 3, 30, 6, 8, 10, 1]])}
   60- {'Avg': 716.496195356803, 'Best Individual': (444.35427141254667, [[18, 16, 13], [14, 17, 15], [20, 22, 21, 19], [11, 12, 5, 4, 7, 9], [2, 3, 6, 8, 10]], [[1, 18, 16, 13, 1], [1, 14, 17, 15, 1], [1, 20, 22, 21, 27, 19, 1], [1, 11, 12, 5, 4, 26, 7, 9, 1], [1, 2, 3, 30, 6, 8, 10, 1]])}
   61- {'Avg': 704.219563748086, 'Best Individual': (444.35427141254667, [[18, 16, 13], [14, 17, 15], [20, 22, 21, 19], [11, 12, 5, 4, 7, 9], [2, 3, 6, 8, 10]], [[1, 18, 16, 13, 1], [1, 14, 17, 15, 1], [1, 20, 22, 21, 27, 19, 1], [1, 11, 12, 5, 4, 26, 7, 9, 1], [1, 2, 3, 30, 6, 8, 10, 1]])}
   62- {'Avg': 706.835384816382, 'Best Individual': (444.35427141254667, [[18, 16, 13], [14, 17, 15], [20, 22, 21, 19], [11, 12, 5, 4, 7, 9], [2, 3, 6, 8, 10]], [[1, 18, 16, 13, 1], [1, 14, 17, 15, 1], [1, 20, 22, 21, 27, 19, 1], [1, 11, 12, 5, 4, 26, 7, 9, 1], [1, 2, 3, 30, 6, 8, 10, 1]])}
   63- {'Avg': 694.2958071906074, 'Best Individual': (444.35427141254667, [[18, 16, 13], [14, 17, 15], [20, 22, 21, 19], [11, 12, 5, 4, 7, 9], [2, 3, 6, 8, 10]], [[1, 18, 16, 13, 1], [1, 14, 17, 15, 1], [1, 20, 22, 21, 27, 19, 1], [1, 11, 12, 5, 4, 26, 7, 9, 1], [1, 2, 3, 30, 6, 8, 10, 1]])}
   64- {'Avg': 678.5937096497124, 'Best Individual': (444.35427141254667, [[18, 16, 13], [14, 17, 15], [20, 22, 21, 19], [11, 12, 5, 4, 7, 9], [2, 3, 6, 8, 10]], [[1, 18, 16, 13, 1], [1, 14, 17, 15, 1], [1, 20, 22, 21, 27, 19, 1], [1, 11, 12, 5, 4, 26, 7, 9, 1], [1, 2, 3, 30, 6, 8, 10, 1]])}
   65- {'Avg': 676.6103084246405, 'Best Individual': (444.35427141254667, [[18, 16, 13], [14, 17, 15], [20, 22, 21, 19], [11, 12, 5, 4, 7, 9], [2, 3, 6, 8, 10]], [[1, 18, 16, 13, 1], [1, 14, 17, 15, 1], [1, 20, 22, 21, 27, 19, 1], [1, 11, 12, 5, 4, 26, 7, 9, 1], [1, 2, 3, 30, 6, 8, 10, 1]])}
   66- {'Avg': 687.2216624162355, 'Best Individual': (444.35427141254667, [[18, 16, 13], [14, 17, 15], [20, 22, 21, 19], [11, 12, 5, 4, 7, 9], [2, 3, 6, 8, 10]], [[1, 18, 16, 13, 1], [1, 14, 17, 15, 1], [1, 20, 22, 21, 27, 19, 1], [1, 11, 12, 5, 4, 26, 7, 9, 1], [1, 2, 3, 30, 6, 8, 10, 1]])}
   67- {'Avg': 678.8545505040631, 'Best Individual': (444.35427141254667, [[18, 16, 13], [14, 17, 15], [20, 22, 21, 19], [11, 12, 5, 4, 7, 9], [2, 3, 6, 8, 10]], [[1, 18, 16, 13, 1], [1, 14, 17, 15, 1], [1, 20, 22, 21, 27, 19, 1], [1, 11, 12, 5, 4, 26, 7, 9, 1], [1, 2, 3, 30, 6, 8, 10, 1]])}
   68- {'Avg': 685.7606999115536, 'Best Individual': (444.35427141254667, [[18, 16, 13], [14, 17, 15], [20, 22, 21, 19], [11, 12, 5, 4, 7, 9], [2, 3, 6, 8, 10]], [[1, 18, 16, 13, 1], [1, 14, 17, 15, 1], [1, 20, 22, 21, 27, 19, 1], [1, 11, 12, 5, 4, 26, 7, 9, 1], [1, 2, 3, 30, 6, 8, 10, 1]])}
   69- {'Avg': 687.499745394395, 'Best Individual': (444.35427141254667, [[18, 16, 13], [14, 17, 15], [20, 22, 21, 19], [11, 12, 5, 4, 7, 9], [2, 3, 6, 8, 10]], [[1, 18, 16, 13, 1], [1, 14, 17, 15, 1], [1, 20, 22, 21, 27, 19, 1], [1, 11, 12, 5, 4, 26, 7, 9, 1], [1, 2, 3, 30, 6, 8, 10, 1]])}
   70- {'Avg': 694.9867974829922, 'Best Individual': (444.35427141254667, [[18, 16, 13], [14, 17, 15], [20, 22, 21, 19], [11, 12, 5, 4, 7, 9], [2, 3, 6, 8, 10]], [[1, 18, 16, 13, 1], [1, 14, 17, 15, 1], [1, 20, 22, 21, 27, 19, 1], [1, 11, 12, 5, 4, 26, 7, 9, 1], [1, 2, 3, 30, 6, 8, 10, 1]])}
   71- {'Avg': 667.3740552315295, 'Best Individual': (444.35427141254667, [[18, 16, 13], [14, 17, 15], [20, 22, 21, 19], [11, 12, 5, 4, 7, 9], [2, 3, 6, 8, 10]], [[1, 18, 16, 13, 1], [1, 14, 17, 15, 1], [1, 20, 22, 21, 27, 19, 1], [1, 11, 12, 5, 4, 26, 7, 9, 1], [1, 2, 3, 30, 6, 8, 10, 1]])}
   72- {'Avg': 688.1049464561939, 'Best Individual': (444.35427141254667, [[18, 16, 13], [14, 17, 15], [20, 22, 21, 19], [11, 12, 5, 4, 7, 9], [2, 3, 6, 8, 10]], [[1, 18, 16, 13, 1], [1, 14, 17, 15, 1], [1, 20, 22, 21, 27, 19, 1], [1, 11, 12, 5, 4, 26, 7, 9, 1], [1, 2, 3, 30, 6, 8, 10, 1]])}
   73- {'Avg': 660.9655104649537, 'Best Individual': (444.35427141254667, [[18, 16, 13], [14, 17, 15], [20, 22, 21, 19], [11, 12, 5, 4, 7, 9], [2, 3, 6, 8, 10]], [[1, 18, 16, 13, 1], [1, 14, 17, 15, 1], [1, 20, 22, 21, 27, 19, 1], [1, 11, 12, 5, 4, 26, 7, 9, 1], [1, 2, 3, 30, 6, 8, 10, 1]])}
   74- {'Avg': 658.7383470209708, 'Best Individual': (444.35427141254667, [[18, 16, 13], [14, 17, 15], [20, 22, 21, 19], [11, 12, 5, 4, 7, 9], [2, 3, 6, 8, 10]], [[1, 18, 16, 13, 1], [1, 14, 17, 15, 1], [1, 20, 22, 21, 27, 19, 1], [1, 11, 12, 5, 4, 26, 7, 9, 1], [1, 2, 3, 30, 6, 8, 10, 1]])}
   75- {'Avg': 659.8436359647422, 'Best Individual': (444.35427141254667, [[18, 16, 13], [14, 17, 15], [20, 22, 21, 19], [11, 12, 5, 4, 7, 9], [2, 3, 6, 8, 10]], [[1, 18, 16, 13, 1], [1, 14, 17, 15, 1], [1, 20, 22, 21, 27, 19, 1], [1, 11, 12, 5, 4, 26, 7, 9, 1], [1, 2, 3, 30, 6, 8, 10, 1]])}
   76- {'Avg': 669.695670788394, 'Best Individual': (444.35427141254667, [[18, 16, 13], [14, 17, 15], [20, 22, 21, 19], [11, 12, 5, 4, 7, 9], [2, 3, 6, 8, 10]], [[1, 18, 16, 13, 1], [1, 14, 17, 15, 1], [1, 20, 22, 21, 27, 19, 1], [1, 11, 12, 5, 4, 26, 7, 9, 1], [1, 2, 3, 30, 6, 8, 10, 1]])}
   77- {'Avg': 669.2288268609369, 'Best Individual': (444.35427141254667, [[18, 16, 13], [14, 17, 15], [20, 22, 21, 19], [11, 12, 5, 4, 7, 9], [2, 3, 6, 8, 10]], [[1, 18, 16, 13, 1], [1, 14, 17, 15, 1], [1, 20, 22, 21, 27, 19, 1], [1, 11, 12, 5, 4, 26, 7, 9, 1], [1, 2, 3, 30, 6, 8, 10, 1]])}
   78- {'Avg': 659.8032848907931, 'Best Individual': (444.35427141254667, [[18, 16, 13], [14, 17, 15], [20, 22, 21, 19], [11, 12, 5, 4, 7, 9], [2, 3, 6, 8, 10]], [[1, 18, 16, 13, 1], [1, 14, 17, 15, 1], [1, 20, 22, 21, 27, 19, 1], [1, 11, 12, 5, 4, 26, 7, 9, 1], [1, 2, 3, 30, 6, 8, 10, 1]])}
   79- {'Avg': 664.7687288283968, 'Best Individual': (444.35427141254667, [[18, 16, 13], [14, 17, 15], [20, 22, 21, 19], [11, 12, 5, 4, 7, 9], [2, 3, 6, 8, 10]], [[1, 18, 16, 13, 1], [1, 14, 17, 15, 1], [1, 20, 22, 21, 27, 19, 1], [1, 11, 12, 5, 4, 26, 7, 9, 1], [1, 2, 3, 30, 6, 8, 10, 1]])}
   80- {'Avg': 668.8595963174502, 'Best Individual': (444.35427141254667, [[18, 16, 13], [14, 17, 15], [20, 22, 21, 19], [11, 12, 5, 4, 7, 9], [2, 3, 6, 8, 10]], [[1, 18, 16, 13, 1], [1, 14, 17, 15, 1], [1, 20, 22, 21, 27, 19, 1], [1, 11, 12, 5, 4, 26, 7, 9, 1], [1, 2, 3, 30, 6, 8, 10, 1]])}
   81- {'Avg': 668.1446503042982, 'Best Individual': (444.35427141254667, [[18, 16, 13], [14, 17, 15], [20, 22, 21, 19], [11, 12, 5, 4, 7, 9], [2, 3, 6, 8, 10]], [[1, 18, 16, 13, 1], [1, 14, 17, 15, 1], [1, 20, 22, 21, 27, 19, 1], [1, 11, 12, 5, 4, 26, 7, 9, 1], [1, 2, 3, 30, 6, 8, 10, 1]])}
   82- {'Avg': 629.256137368326, 'Best Individual': (444.35427141254667, [[18, 16, 13], [14, 17, 15], [20, 22, 21, 19], [11, 12, 5, 4, 7, 9], [2, 3, 6, 8, 10]], [[1, 18, 16, 13, 1], [1, 14, 17, 15, 1], [1, 20, 22, 21, 27, 19, 1], [1, 11, 12, 5, 4, 26, 7, 9, 1], [1, 2, 3, 30, 6, 8, 10, 1]])}
   83- {'Avg': 642.0097543098121, 'Best Individual': (444.35427141254667, [[18, 16, 13], [14, 17, 15], [20, 22, 21, 19], [11, 12, 5, 4, 7, 9], [2, 3, 6, 8, 10]], [[1, 18, 16, 13, 1], [1, 14, 17, 15, 1], [1, 20, 22, 21, 27, 19, 1], [1, 11, 12, 5, 4, 26, 7, 9, 1], [1, 2, 3, 30, 6, 8, 10, 1]])}
   84- {'Avg': 647.0322431335201, 'Best Individual': (444.35427141254667, [[18, 16, 13], [14, 17, 15], [20, 22, 21, 19], [11, 12, 5, 4, 7, 9], [2, 3, 6, 8, 10]], [[1, 18, 16, 13, 1], [1, 14, 17, 15, 1], [1, 20, 22, 21, 27, 19, 1], [1, 11, 12, 5, 4, 26, 7, 9, 1], [1, 2, 3, 30, 6, 8, 10, 1]])}
   85- {'Avg': 621.7468356432857, 'Best Individual': (444.35427141254667, [[18, 16, 13], [14, 17, 15], [20, 22, 21, 19], [11, 12, 5, 4, 7, 9], [2, 3, 6, 8, 10]], [[1, 18, 16, 13, 1], [1, 14, 17, 15, 1], [1, 20, 22, 21, 27, 19, 1], [1, 11, 12, 5, 4, 26, 7, 9, 1], [1, 2, 3, 30, 6, 8, 10, 1]])}
   86- {'Avg': 632.8202170783242, 'Best Individual': (440.9329578692964, [[14, 17, 15], [13, 16, 18], [20, 22, 21, 19], [7, 2, 3, 6, 8, 10], [4, 5, 12, 9, 11]], [[1, 14, 17, 15, 1], [1, 13, 16, 18, 1], [1, 20, 22, 21, 27, 19, 1], [1, 7, 2, 3, 30, 6, 8, 10, 1], [1, 4, 5, 12, 25, 9, 11, 1]])}
   87- {'Avg': 641.4560602912521, 'Best Individual': (440.9329578692964, [[14, 17, 15], [13, 16, 18], [20, 22, 21, 19], [7, 2, 3, 6, 8, 10], [4, 5, 12, 9, 11]], [[1, 14, 17, 15, 1], [1, 13, 16, 18, 1], [1, 20, 22, 21, 27, 19, 1], [1, 7, 2, 3, 30, 6, 8, 10, 1], [1, 4, 5, 12, 25, 9, 11, 1]])}
   88- {'Avg': 649.7938735573138, 'Best Individual': (440.9329578692964, [[14, 17, 15], [13, 16, 18], [20, 22, 21, 19], [7, 2, 3, 6, 8, 10], [4, 5, 12, 9, 11]], [[1, 14, 17, 15, 1], [1, 13, 16, 18, 1], [1, 20, 22, 21, 27, 19, 1], [1, 7, 2, 3, 30, 6, 8, 10, 1], [1, 4, 5, 12, 25, 9, 11, 1]])}
   89- {'Avg': 619.9676440109175, 'Best Individual': (440.9329578692964, [[14, 17, 15], [13, 16, 18], [20, 22, 21, 19], [7, 2, 3, 6, 8, 10], [4, 5, 12, 9, 11]], [[1, 14, 17, 15, 1], [1, 13, 16, 18, 1], [1, 20, 22, 21, 27, 19, 1], [1, 7, 2, 3, 30, 6, 8, 10, 1], [1, 4, 5, 12, 25, 9, 11, 1]])}
   90- {'Avg': 660.1409915273114, 'Best Individual': (440.9329578692964, [[14, 17, 15], [13, 16, 18], [20, 22, 21, 19], [7, 2, 3, 6, 8, 10], [4, 5, 12, 9, 11]], [[1, 14, 17, 15, 1], [1, 13, 16, 18, 1], [1, 20, 22, 21, 27, 19, 1], [1, 7, 2, 3, 30, 6, 8, 10, 1], [1, 4, 5, 12, 25, 9, 11, 1]])}
   91- {'Avg': 658.1018708609103, 'Best Individual': (440.9329578692964, [[14, 17, 15], [13, 16, 18], [20, 22, 21, 19], [7, 2, 3, 6, 8, 10], [4, 5, 12, 9, 11]], [[1, 14, 17, 15, 1], [1, 13, 16, 18, 1], [1, 20, 22, 21, 27, 19, 1], [1, 7, 2, 3, 30, 6, 8, 10, 1], [1, 4, 5, 12, 25, 9, 11, 1]])}
   92- {'Avg': 641.539587094301, 'Best Individual': (440.9329578692964, [[14, 17, 15], [13, 16, 18], [20, 22, 21, 19], [7, 2, 3, 6, 8, 10], [4, 5, 12, 9, 11]], [[1, 14, 17, 15, 1], [1, 13, 16, 18, 1], [1, 20, 22, 21, 27, 19, 1], [1, 7, 2, 3, 30, 6, 8, 10, 1], [1, 4, 5, 12, 25, 9, 11, 1]])}
   93- {'Avg': 641.4061311394325, 'Best Individual': (440.9329578692964, [[14, 17, 15], [13, 16, 18], [20, 22, 21, 19], [7, 2, 3, 6, 8, 10], [4, 5, 12, 9, 11]], [[1, 14, 17, 15, 1], [1, 13, 16, 18, 1], [1, 20, 22, 21, 27, 19, 1], [1, 7, 2, 3, 30, 6, 8, 10, 1], [1, 4, 5, 12, 25, 9, 11, 1]])}
   94- {'Avg': 635.0248433563462, 'Best Individual': (440.9329578692964, [[14, 17, 15], [13, 16, 18], [20, 22, 21, 19], [7, 2, 3, 6, 8, 10], [4, 5, 12, 9, 11]], [[1, 14, 17, 15, 1], [1, 13, 16, 18, 1], [1, 20, 22, 21, 27, 19, 1], [1, 7, 2, 3, 30, 6, 8, 10, 1], [1, 4, 5, 12, 25, 9, 11, 1]])}
   95- {'Avg': 641.9203674199416, 'Best Individual': (440.9329578692964, [[14, 17, 15], [13, 16, 18], [20, 22, 21, 19], [7, 2, 3, 6, 8, 10], [4, 5, 12, 9, 11]], [[1, 14, 17, 15, 1], [1, 13, 16, 18, 1], [1, 20, 22, 21, 27, 19, 1], [1, 7, 2, 3, 30, 6, 8, 10, 1], [1, 4, 5, 12, 25, 9, 11, 1]])}
   96- {'Avg': 625.6500108104243, 'Best Individual': (440.9329578692964, [[14, 17, 15], [13, 16, 18], [20, 22, 21, 19], [7, 2, 3, 6, 8, 10], [4, 5, 12, 9, 11]], [[1, 14, 17, 15, 1], [1, 13, 16, 18, 1], [1, 20, 22, 21, 27, 19, 1], [1, 7, 2, 3, 30, 6, 8, 10, 1], [1, 4, 5, 12, 25, 9, 11, 1]])}
   97- {'Avg': 642.3301549639286, 'Best Individual': (440.9329578692964, [[14, 17, 15], [13, 16, 18], [20, 22, 21, 19], [7, 2, 3, 6, 8, 10], [4, 5, 12, 9, 11]], [[1, 14, 17, 15, 1], [1, 13, 16, 18, 1], [1, 20, 22, 21, 27, 19, 1], [1, 7, 2, 3, 30, 6, 8, 10, 1], [1, 4, 5, 12, 25, 9, 11, 1]])}
   98- {'Avg': 650.0234277046883, 'Best Individual': (440.9329578692964, [[14, 17, 15], [13, 16, 18], [20, 22, 21, 19], [7, 2, 3, 6, 8, 10], [4, 5, 12, 9, 11]], [[1, 14, 17, 15, 1], [1, 13, 16, 18, 1], [1, 20, 22, 21, 27, 19, 1], [1, 7, 2, 3, 30, 6, 8, 10, 1], [1, 4, 5, 12, 25, 9, 11, 1]])}
   99- {'Avg': 639.6825576403842, 'Best Individual': (440.9329578692964, [[14, 17, 15], [13, 16, 18], [20, 22, 21, 19], [7, 2, 3, 6, 8, 10], [4, 5, 12, 9, 11]], [[1, 14, 17, 15, 1], [1, 13, 16, 18, 1], [1, 20, 22, 21, 27, 19, 1], [1, 7, 2, 3, 30, 6, 8, 10, 1], [1, 4, 5, 12, 25, 9, 11, 1]])}
